image_width: 3208
image_height: 2200
camera_name: fisheye
# calibrated with fisheye lens on.
camera_matrix:
  rows: 3
  cols: 3
  data: [1886.9232141485886, 0.0, 604.7214878709341, 0.0, 1886.6668765711668, 493.47726714719823, 0.0, 0.0, 1.0]
camera_model: BFS-U3-70S
distortion_model: plumb_bob
distortion_coefficients:
  rows: 1
  cols: 4
  data: [-0.021141875266089592, -0.3733872931278025, 2.385982550579459, 3.2824571732099725]
rectification_matrix:
  rows: 3
  cols: 3
  data: [ 1.,  0.,  0.,
          0.,  1.,  0.,
          0.,  0.,  1.]
projection_matrix:
  rows: 3
  cols: 4
  data: [913.700317, 0.000000, 953.448302, 0.000000,
         0.000000, 1063.296631, 777.871993, 0.000000,
         0.000000, 0.000000, 1.000000, 0.000000]
